1
569
267
265
2574
303
1118
598
166
1881
338
336
945
1315
1124
2365
1551
1082
2280
1423
1780
1292
675
1500
1817
706
2185
1579
1154
2422
1946
2226
1847
1588
2844
954
792
2103
428
9
375
1976
508
779
754
332
394
376
144
1393
737
1134
160
1207
592
152
1251
2400
638
886
1677
2502
2827
2636
130
1155
505
2714
735
630
2298
244
1203
875
773
2203
1869
2868
529
1945
2275
2230
1391
1573
1279
1322
1908
2366
1581
1018
2691
1684
2870
2155
2160
1019
820
2383
2616
210
1906
2072
2598
2946
2743
2853
649
1585
2863
2507
654
2039
1295
1655
2553
1501
1625
119
1136
961
837
2744
2654
182
1227
2330
1287
1266
396
1059
859
595
2419
404
86
409
918
1258
2190
983
581
1583
1167
467
1359
1695
1820
2161
216
2058
2106
2050
2575
2572
1457
2800
2477
551
248
1200
1732
1202
1013
2180
1985
484
525
1265
2406
1252
709
1798
2170
46
2163
999
903
292
744
1113
1654
909
367
1014
1313
1284
836
1921
626
469
1396
1084
220
1787
2027
925
1532
1240
407
2526
929
1984
1958
2546
1597
1606
648
625
2508
1876
1349
2756
2165
2449
239
1206
839
1147
661
2395
1964
797
2133
1336
1641
914
2426
1220
2259
1332
2680
1229
1447
2159
1951
1824
674
1418
2319
1578
432
198
1483
462
311
1856
512
528
481
10
1838
889
1445
913
857
386
411
352
646
273
1303
788
822
2169
966
286
956
686
378
1339
403
811
677
321
459
272
2303
1826
2020
1851
1576
1842
1081
1526
731
1148
56
2625
1924
1085
2413
2137
2889
2915
1713
2410
2927
2762
2661
1875
2643
2006
911
998
807
18
1131
1262
1367
1828
480
2672
2895
2922
1821
2459
2877
2734
2594
1737
1718
2443
1616
2862
2077
2768
2467
2676
2071
894
1337
996
1738
2291
1170
806
1205
885
206
2046
2414
726
2471
196
1840
1045
1928
2736
1331
805
1994
1745
1986
2013
1008
1380
326
1653
786
1328
25
2114
2487
156
1698
1895
992
510
49
274
348
2269
1514
1285
1769
226
1441
1712
2544
247
1819
2384
2075
1734
2804
1770
1752
1302
1893
2748
2693
2437
1363
68
1703
711
1051
2628
2509
607
970
749
537
1657
1401
1564
1659
1743
576
944
990
2108
645
446
1355
1681
6
1859
1607
451
137
445
335
546
232
349
2849
1810
1224
1818
1094
1858
981
26
2891
2358
719
2879
225
2037
2752
1577
712
2856
2029
1656
447
155
2460
1400
1598
928
2164
916
494
1102
965
2773
761
1191
2240
2429
1475
2150
2577
685
1766
669
1316
1775
599
1128
570
96
395
141
2
289
603
199
323
2420
1006
896
53
1362
1802
235
2631
2750
1735
1213
2227
1736
653
1916
310
1395
290
167
609
866
51
1301
1269
2831
1822
2529
563
1862
1072
2682
2387
775
106
2702
2517
1528
611
288
1633
2466
1879
1177
2405
739
163
633
1370
2004
1356
2217
200
994
550
692
2041
656
126
664
1138
419
683
1005
927
347
476
1412
93
279
1003
835
2735
317
287
665
35
1043
897
1568
832
306
936
1603
1344
1591
354
1324
2085
486
535
1777
331
69
285
1230
366
1317
783
989
579
238
948
360
939
361
980
489
774
552
900
762
984
38
766
1296
1378
2001
567
1375
511
1030
1320
118
615
877
1132
441
1642
1709
1807
1189
869
1751
62
330
538
1691
815
830
2152
532
536
1385
355
684
1373
110
1179
796
1384
641
266
406
490
415
301
1259
1570
1724
1153
600
402
834
518
698
2113
2890
1829
2668
2398
1114
1772
791
1623
410
439
299
353
107
821
1323
1728
1122
1553
853
838
957
487
1955
828
271
370
387
91
431
333
1345
1885
501
778
1682
1715
590
1686
1260
450
2304
1726
2238
1563
1660
1416
241
2310
2776
2645
1764
2102
694
23
1194
2464
2111
2079
2919
2860
2343
2724
2681
189
1717
2273
2897
2566
1389
2270
734
2007
1889
2488
1926
2792
2659
2690
2438
2496
2423
1410
2738
2727
2596
389
2067
2858
1353
2317
227
2829
28
1245
2158
134
899
2852
2534
1779
342
2520
2228
2031
2547
2433
2899
82
2832
2810
2212
2176
2353
2834
2910
2888
2220
2751
2337
2237
2836
258
2342
1162
1854
2790
2747
1837
1857
2697
1937
1644
2493
2017
2512
179
146
94
95
249
47
99
2308
1704
2249
2501
2818
2462
2490
2779
2802
2883
158
2147
2876
2281
2663
2590
2912
2704
2255
139
2589
150
1437
33
2926
2931
36
2602
1991
2356
2485
1286
2893
2777
1471
2928
2929
2917
817
2909
2942
2907
1383
1729
1271
2362
143
1185
1299
2407
2173
2712
2523
71
2764
1442
2605
2236
1156
1518
596
2950
1877
1088
2430
2044
2537
2092
1792
1978
1487
472
1368
968
1645
112
2222
2614
1067
2009
29
833
2782
2134
188
136
1750
1272
2565
2120
2364
2209
2828
1973
1627
819
1635
1161
1894
2417
2080
1940
1782
2861
2199
2105
752
222
799
2214
90
671
2599
1760
1425
1523
2256
1707
246
1648
2302
2749
2081
2157
1806
2367
2525
1626
1980
1033
203
1409
2516
1888
2016
1844
1042
541
597
818
475
1061
516
802
414
1144
568
1552
142
651
971
424
2093
482
133
181
2104
270
883
1120
454
987
892
974
565
1455
848
720
717
1199
545
701
2483
1944
223
2188
1873
365
1947
578
1931
1066
4
935
448
1899
2309
2944
2869
2857
2916
2911
2801
2404
2609
979
1547
2515
1622
48
2758
2563
1463
2412
640
2532
2839
2837
1848
2171
245
2074
2350
2822
2843
2934
2924
2403
2481
1549
2416
2389
2739
2043
2642
2894
2866
177
1053
1274
1233
843
369
212
1218
2149
2728
850
165
844
1058
1548
1443
275
1493
1711
328
1028
13
1190
1107
186
488
471
1755
2125
969
194
1903
1900
2098
1112
1325
111
2204
1781
1490
11
831
1814
1957
693
2062
800
309
291
2336
2115
827
154
748
1050
1687
1420
882
2095
2732
2610
2763
1808
2679
1560
2051
770
1948
2271
117
2086
2543
2268
183
2799
1288
2439
1360
1427
605
1108
1673
824
76
676
1827
1901
2615
2002
461
1139
2548
2789
1480
1268
1969
1671
1421
379
2301
1835
1143
1678
765
1371
1534
2524
1757
1545
2153
620
125
723
1308
427
2442
2122
2277
2285
1173
1602
2076
2478
2208
2725
1988
2397
2326
2761
2633
2769
60
2427
1047
1646
1484
2820
2306
2276
1813
2465
2468
2461
2815
2357
1596
162
1665
2145
2667
1382
1494
1502
2486
211
2722
2838
2573
39
2060
2754
2022
2717
1846
1116
1776
2084
2399
2527
2475
1376
1720
1159
1366
1595
523
1974
2411
2296
1993
207
2770
2622
2415
1348
1981
781
1696
1747
1115
1643
77
1609
2878
2257
1739
2687
2325
809
2318
31
2278
2492
975
1187
381
479
1428
1294
526
315
868
617
151
680
1811
1531
2264
2233
2332
2186
164
1479
1365
1867
906
500
2198
1181
219
145
1462
1910
1793
17
2083
1166
1281
1311
1805
187
2450
2232
789
798
2382
417
2372
19
1184
1542
964
643
729
521
829
356
678
319
959
1098
742
776
400
858
1137
504
128
621
841
629
880
910
59
2339
977
453
963
1746
2053
718
1478
1429
420
1938
715
757
357
385
277
122
324
573
613
1912
714
422
755
589
320
457
281
100
1562
477
1099
722
771
184
327
1223
312
736
1160
623
2453
1535
953
88
2700
2408
1407
938
253
2034
628
637
949
1374
1688
234
1210
2503
2708
21
933
1934
1034
1212
1544
1074
318
583
359
371
727
666
1041
1381
1517
2200
1431
468
102
931
1689
1456
1557
2394
1771
804
1310
2112
2225
1524
437
339
533
1871
1226
2292
2289
2311
2677
2584
2683
2808
1731
2327
1243
2324
2766
1351
2451
1692
195
2141
2706
1758
1620
1992
2424
588
2671
2253
1422
1171
308
991
2178
2720
1225
2794
483
1029
373
1529
2211
1763
129
2608
2432
1485
1404
63
1297
582
619
1825
1499
1111
1257
2713
397
280
1600
374
2346
2448
622
1864
873
2380
2688
601
498
997
32
574
951
2345
2216
2127
2447
2603
2142
2371
2821
2409
2069
1512
1361
1105
2267
1065
1182
2066
2221
2558
2110
2059
1559
1661
1778
1222
12
652
978
758
1723
1454
1076
1026
108
1465
358
2018
2351
1605
2035
667
2000
2588
879
1683
2930
2463
760
670
1417
733
1086
1571
1270
372
114
672
1241
1530
2535
1767
1196
547
864
1613
1293
1486
1997
1816
1886
1942
660
1276
559
703
710
962
123
725
1064
890
1841
2554
1440
1312
650
1920
382
782
70
2655
307
689
1701
1057
22
813
1012
585
1369
1503
295
825
1089
1242
254
340
423
72
842
283
1702
937
958
995
624
83
917
785
1126
1765
2003
1652
2172
2780
2266
329
934
278
322
564
1466
548
751
2825
174
1935
539
1192
1510
460
803
1565
1106
895
1690
1961
1070
1936
1685
1637
433
777
908
294
1451
1016
2479
1219
1129
636
1186
2168
1103
1905
634
2618
1435
1604
1350
180
485
418
2428
1972
1634
2295
1464
1866
1340
1209
1117
1318
1809
816
1567
1080
878
362
425
1982
497
1705
2601
888
2028
2201
20
2650
1845
1897
1880
904
1326
208
1273
1459
1195
679
470
1338
1261
2368
673
67
952
2246
940
920
1390
1037
862
1797
175
1031
2179
2033
1290
1762
1630
2578
1048
2274
1839
2315
2286
794
1917
1786
1543
812
1843
1002
1392
1907
2121
1109
1663
2191
3
1753
2015
2011
795
1540
1151
767
1039
1183
2363
282
1083
1522
1430
2049
1402
1215
1584
2767
846
2313
2491
1036
1694
2495
1414
1146
344
1911
2436
1038
2391
2859
2052
2132
2008
704
1277
37
1473
1386
1309
1145
2097
2935
2377
2587
2019
1504
2177
2567
632
1989
2473
377
34
1680
2235
1965
1761
764
2669
1236
730
2841
2874
2729
1748
1232
1267
2096
1516
316
1364
87
438
2892
2812
2341
2026
2855
1426
2867
2639
2901
2136
2378
1632
769
2251
1032
750
924
1334
1995
1498
2348
872
45
826
493
1121
304
1852
1174
127
262
724
153
105
1009
1733
1697
2288
1433
1892
2454
2189
1298
2651
50
759
932
2010
297
149
1800
657
391
345
109
566
313
302
1521
2376
1135
147
2340
1305
1450
1201
1618
1046
2206
1971
2314
1608
2775
2545
1069
2576
2118
1329
2140
1572
1491
1101
922
942
2369
950
65
1925
1306
1188
1000
1175
293
1996
16
463
1254
1617
2282
2552
2742
2458
2379
2187
1979
2807
2425
2522
2182
2511
2247
1397
1415
2634
921
495
1546
854
662
1278
2540
2875
2210
1452
2721
2494
2418
2657
2456
1872
1874
2627
2539
1913
2864
172
1791
2538
1803
1638
2107
1335
1525
1092
647
2686
2872
1508
190
1550
2352
1799
2785
2195
473
1163
861
506
2047
2536
2787
2194
1152
2913
955
2057
2239
2757
1439
2632
2089
2109
263
2771
2595
259
2055
157
2550
2817
2795
1796
1247
140
2707
2361
2444
2755
2505
2753
2533
2510
2048
421
2373
849
1333
867
780
1198
2570
1142
2637
2730
2344
2025
1915
1024
214
2886
2154
2144
2258
1387
2939
1040
2845
2175
1855
2446
2896
2581
2213
2606
2947
2925
2948
2923
2943
2786
2355
2880
2694
2920
2906
221
1446
2392
250
2933
2500
2678
2696
2561
1754
442
43
2582
2088
2331
1075
1929
2898
1959
499
325
2279
2245
1172
2619
2611
1812
1815
2370
2099
1658
2183
2402
2321
2087
542
5
1248
2316
2816
1966
1403
388
74
891
1998
1079
2252
148
492
2202
2299
2949
2940
2932
2941
1476
233
2597
2788
2902
2381
2082
89
2272
2231
2740
1291
2842
2243
236
2772
1891
1868
1221
1593
209
2452
78
1939
2811
2434
2882
2455
1730
121
1468
2207
213
2021
1610
1527
2733
2445
1861
2250
1214
808
1488
1629
1300
1650
517
1970
2065
1536
1933
2261
602
946
405
527
2710
901
2045
2151
1744
496
2814
1513
2388
2745
2904
2662
1304
176
515
1783
363
1472
412
1068
192
530
1497
2621
2658
1150
2129
205
1237
1158
261
2223
926
923
1168
1727
2723
544
612
1599
84
741
1666
1055
747
644
429
572
138
1952
464
943
560
2329
202
1941
1590
2560
2197
1621
1967
1706
1492
40
2123
2038
801
1999
593
390
696
682
73
7
346
79
556
784
631
522
1133
1664
380
1419
1496
1556
787
2162
1263
845
930
1794
230
1580
1954
2294
2854
2078
2685
57
2218
1256
1231
2030
171
2305
2937
2585
1448
1449
2555
2359
2549
2090
2557
1561
2100
1674
2617
2094
2005
161
1773
2012
1943
2244
2390
2401
2498
52
2664
1520
2726
2322
2673
1930
1853
2242
159
2441
2396
2421
2497
688
66
985
1670
2036
193
2499
2068
1956
2759
393
870
1749
2778
2297
1246
2647
562
2054
75
1063
1123
1785
2139
1321
92
1125
941
1922
41
2793
687
81
700
2521
1693
2945
252
80
1789
98
1774
1357
1538
1849
1575
1721
436
663
1699
738
1833
1130
2646
2591
2613
2551
2472
2312
2284
2064
1983
1239
1507
1870
591
1007
1587
228
1669
1347
1235
42
1087
1169
1768
1470
1216
2871
1056
1831
1960
169
976
1096
218
860
115
1264
15
986
907
2440
243
1474
681
618
549
1330
337
2435
1461
1950
215
2805
2338
2138
2847
1444
1647
2600
2640
2715
2482
2695
1249
2716
627
1539
2719
2774
1434
1399
64
2665
1566
1963
2737
1467
1716
2519
2126
2014
2586
2528
1110
1458
2731
2484
185
1836
763
97
2061
1594
2571
458
768
14
2056
1346
1482
608
1077
2638
2542
2119
173
2328
2830
2709
2184
2607
2703
2349
2666
2938
2711
2887
2656
2393
2579
2375
2469
2530
2746
2881
2908
2641
1860
1722
2612
2070
24
2374
2783
2205
2873
1790
229
2531
260
2476
2040
264
2229
2513
1436
416
2166
2905
2541
2903
1668
1541
2630
1624
2300
2851
1582
2457
1052
1228
2196
2556
2568
85
2307
2564
2885
2675
1469
2215
898
2797
2156
553
2648
2914
2135
2796
746
2260
2474
2900
456
2624
1949
2826
2936
2604
2333
2623
1611
2692
2670
2290
2806
2146
2884
2287
2918
2701
2921
2850
2824
2803
2840
2254
2765
2833
2334
2848
2470
1890
1477
2335
2653
2718
2431
2504
2684
255
1918
2629
1204
1909
1413
2248
1592
1619
237
708
2819
2167
1649
2635
865
571
251
2128
2698
1405
1358
2580
2293
1975
2823
2593
231
2489
2620
1832
1830
1719
1631
2689
1823
982
131
2265
1614
1049
1788
1097
1095
1640
8
509
1062
604
398
1093
1615
1164
793
1554
178
1740
514
2781
408
341
852
1017
1914
614
1141
584
2224
1314
478
1035
580
452
1282
1667
540
1319
876
58
1756
871
1234
856
919
1533
1275
557
1481
170
740
1432
1987
707
851
2518
30
1022
1519
257
1801
1176
1612
2699
790
1672
1438
2360
1558
2506
2644
2705
2124
104
2131
1238
1460
1589
1742
2192
1902
2791
2148
2660
1784
2347
1372
1804
2652
2562
224
2219
2514
1453
1489
1104
1968
905
2091
2835
884
2283
1883
1091
881
659
1505
732
847
1741
1882
1140
2130
1636
1511
575
300
284
2386
1710
61
855
364
2073
2480
466
1675
713
1193
1923
2024
1071
721
2649
1676
1119
2569
1714
1863
2143
743
1025
2023
2674
1398
2181
1537
1027
1327
947
753
1253
716
413
577
44
555
314
668
658
1078
351
513
531
1023
1100
2354
2320
1054
2032
1149
1250
1197
2323
443
1406
1180
1178
1834
135
840
1896
1495
1394
1628
2813
1679
1015
383
1280
1953
1354
823
113
1700
2760
1795
2592
2174
2241
2262
1289
1662
1759
1341
1884
2626
1411
1424
2063
756
1157
2193
1898
863
1990
960
1878
1352
1555
1977
54
695
745
705
1208
2263
893
305
2741
2559
1060
1408
101
561
655
519
120
217
204
168
124
434
1574
240
2042
2385
256
610
1865
587
392
642
55
474
1639
1601
1904
2809
491
1244
912
1343
2116
201
1388
132
1509
616
1586
384
401
988
27
902
702
1962
440
690
430
2846
1506
103
503
594
520
586
1090
2784
1651
2865
967
558
1569
639
191
1342
1073
2101
1283
1887
635
2583
1379
691
507
426
1001
915
1307
1021
1044
887
116
399
276
502
2117
1004
449
699
343
534
296
350
269
697
368
606
1217
1708
242
444
993
1725
465
197
1932
1211
1010
2234
1377
874
728
1927
1165
1919
1850
810
2798
973
1515
772
1011
814
1127
554
435
543
455
1020
1255
334
298
972
524
268
1